
PROC CONTENTS
-------------------------------------------------------------------------------

Data Set Name: bank.Final_Table
Observations:  10
Variables:     32

Variables (in alphabetical order):

  #  Variable               Type    Len  Format  Label
---  ---------------------  ----  -----  ------  -----
  1  bezrobocie              Num      8          A12
  2  czestosc_wyciagu        Num      8          
  3  default                 Num      8          
  4  dlugosc_kredytu         Num      8          
  5  kwota_kredytu           Num      8          
  6  liczba_kar              Num      8          
  7  liczba_transakcji       Num      8          
  8  liczba_zlecen           Num      8          
  9  loan_id                 Num      8          
 10  max_saldo               Num      8          
 11  min_saldo               Num      8          
 12  min_saldo_3m            Num      8          
 13  odchylenie_salda        Num      8          
 14  oplaca_mieszkanie       Num      8          
 15  oplaca_ubezpieczenie    Num      8          
 16  plec                    Num      8          
 17  posiada_karte           Num      8          
 18  posiada_karte_gold      Num      8          
 19  przestepczosc           Num      8          A15
 20  rata_kredytu            Num      8          
 21  srednia_pensja          Num      8          A11
 22  srednie_saldo           Num      8          
 23  srednie_saldo_3m        Num      8          
 24  staz_klienta            Num      8          
 25  suma_wplywow            Num      8          
 26  suma_wydatkow           Num      8          
 27  suma_zlecen             Num      8          
 28  urbanizacja             Num      8          A4
 29  wiek                    Num      8          
 30  wplywy_3m               Num      8          
 31  wskaznik_dti            Num      8          
 32  wskaznik_oszczedzania   Num      8          

-------------------------------------------------------------------------------


  Obs  loan_id  default  kwota_kredytu  dlugosc_kredytu  rata_kredytu           wiek  plec  bezrobocie  przestepczosc  srednia_pensja  urbanizacja   staz_klienta  czestosc_wyciagu  posiada_karte  posiada_karte_gold  liczba_zlecen  suma_zlecen  oplaca_ubezpieczenie  oplaca_mieszkanie     srednie_saldo  min_saldo  max_saldo  odchylenie_salda  suma_wplywow  suma_wydatkow  liczba_transakcji  liczba_kar  srednie_saldo_3m  min_saldo_3m  wplywy_3m  wskaznik_dti  wskaznik_oszczedzania
-----  -------  -------  -------------  ---------------  ------------  -------------  ----  ----------  -------------  --------------  -----------  -------------  ----------------  -------------  ------------------  -------------  -----------  --------------------  -----------------  ----------------  ---------  ---------  ----------------  ------------  -------------  -----------------  ----------  ----------------  ------------  ---------  ------------  ---------------------
    1     5001        0          96000               24          4000   23.665982204     1        0.29          85677           12541      1204953  13.9473684211                 1              1                   0              2         5516                     1                  1  18466.6666666667      10000      24500   5158.1650484127         27000           6500                  6           1             20825         16000       9000   1.332889037           0.2407688604
    2     5002        1          60000               12          5000  48.9171800137     0        1.67           2183            8507        88884  15.4934210526                 1              0                   0              1         1200                     0                  0             16500      12000      20500   3763.8632635454         25000           4000                  4           0             20500         20500       6000  2.4987506247           0.1600335987
    3     5003        0         300000               60          5000   22.083504449     0        1.95           2135            8980        75232  17.0394736842                 0              0                   0              1         5555                     0                  1             30000      20000      37500   6717.5144212722         45000           7500                  5           1             32750         28000      10000   1.499550135           0.1666851848
    4     5004        0         120000               36          3333   5.2511978097     0        0.29          85677           12541      1204953  17.7302631579                 1              1                   1              2         2700                     1                  1             13950       9000      18500   3895.7241517678         20000           1000                  4           0             18500         18500       5000  1.9986008395           0.0500474976
    5     5005        1          48000               12          4000  39.4195756331     1         2.1           3016            9753       149893  18.3552631579                 0              0                   0              1         2500                     0                  0   9933.3333333333       7500      12000   2272.2969289539         12500           2000                  3           0                 0             0          0          4000           0.1600671946
    6     5006        0          84000               24          3500  31.5427789185     0        2.65           1563            8547        70646  19.5065789474                 1              0                   0              1         3000                     0                  1             17375      11000      23100    5066.474777068         26500           3000                  4           1             23100         23100       7000  1.4993574182           0.1132410098
    7     5007        0         180000               48          3750   6.6639288159     0        1.67           2183            8507        88884  19.5394736842                 1              1                   0              1         1150                     1                  0  18633.3333333333      14000      23000   4505.9220292115         23500           4500                  3           0                 0             0          0          3750           0.1915237649
    8     5008        0          36000                6          6000  24.8323066393     0        1.51           2299            9104        95616  20.9868421053                 1              0                   0              1         2200                     0                  1   8466.6666666667       6000      10200   2193.9310229206         10500           1200                  3           0              9200          9200          0          6000             0.11437006
    9     5009        1         240000               60          4000  40.9993155373     1        4.09           5623            9893       182027  21.6776315789                 1              0                   0              1         1980                     0                  1  20633.3333333333      16000      25500   4754.2963026439         26000           5500                  3           0                 0             0          0          4000           0.2115687858
   10     5010        0          54000               18          3000   5.1690622861     0        0.29          85677           12541      1204953  23.0263157895                 1              0                   0              2         4200                     1                  1             11500       8000      14200   3176.4760348537         14500           2200                  3           0                 0             0          0          3000           0.1517826357

